%YAML:1.0
---
depthShift: -1.6479178809037208e+01
