%YAML:1.0
---
cameraMatrix: !!opencv-matrix
   rows: 3
   cols: 3
   dt: d
   data: [ 3.6518253339119229e+02, 0., 2.5193419627497147e+02, 0.,
       3.6458912964845291e+02, 2.0626391148307016e+02, 0., 0., 1. ]
distortionCoefficients: !!opencv-matrix
   rows: 1
   cols: 5
   dt: d
   data: [ 9.8367129829775954e-02, -2.8198785857490749e-01,
       -1.7480744102354290e-03, -6.7424827592882960e-04,
       1.0346054897036402e-01 ]
rotation: !!opencv-matrix
   rows: 3
   cols: 3
   dt: d
   data: [ 1., 0., 0., 0., 1., 0., 0., 0., 1. ]
projection: !!opencv-matrix
   rows: 4
   cols: 4
   dt: d
   data: [ 3.6518253339119229e+02, 0., 2.5193419627497147e+02, 0., 0.,
       3.6458912964845291e+02, 2.0626391148307016e+02, 0., 0., 0., 1.,
       0., 0., 0., 0., 1. ]
