%YAML:1.0
---
cameraMatrix: !!opencv-matrix
   rows: 3
   cols: 3
   dt: d
   data: [ 1.0574977065750454e+03, 0., 9.4268043750386073e+02, 0.,
       1.0608631949889773e+03, 5.0978490432533260e+02, 0., 0., 1. ]
distortionCoefficients: !!opencv-matrix
   rows: 1
   cols: 5
   dt: d
   data: [ 4.0219266086577554e-02, -2.9570656767220004e-02,
       -7.8242412537459817e-03, -7.3536564793294447e-04,
       -1.2788625412249429e-02 ]
rotation: !!opencv-matrix
   rows: 3
   cols: 3
   dt: d
   data: [ 1., 0., 0., 0., 1., 0., 0., 0., 1. ]
projection: !!opencv-matrix
   rows: 4
   cols: 4
   dt: d
   data: [ 1.0574977065750454e+03, 0., 9.4268043750386073e+02, 0., 0.,
       1.0608631949889773e+03, 5.0978490432533260e+02, 0., 0., 0., 1.,
       0., 0., 0., 0., 1. ]
