%YAML:1.0
---
rotation: !!opencv-matrix
   rows: 3
   cols: 3
   dt: d
   data: [ 9.9995613521232307e-01, -7.4204704949703939e-03,
       5.7152662989071101e-03, 7.2751639095039030e-03,
       9.9966001001507276e-01, 2.5038697385334832e-02,
       -5.8991220807846851e-03, -2.4996019569079299e-02,
       9.9967014528012099e-01 ]
translation: !!opencv-matrix
   rows: 3
   cols: 1
   dt: d
   data: [ -5.2354431580987307e-02, 7.8948653227366064e-04,
       6.0084099596393924e-03 ]
essential: !!opencv-matrix
   rows: 3
   cols: 3
   dt: d
   data: [ -4.8369444726889989e-05, -6.0261011812380149e-03,
       6.3878335766826661e-04, 5.6993012186459038e-03,
       -1.3532376251535725e-03, 5.2371501887576083e-02,
       -1.1703389727551390e-03, -5.2330773237064296e-02,
       -1.3153988949089028e-03 ]
fundamental: !!opencv-matrix
   rows: 3
   cols: 3
   dt: d
   data: [ -6.9024991672357063e-08, -8.6134663579986667e-06,
       2.1269255633727465e-03, 8.1073126912751085e-06,
       -1.9281270985872565e-06, 2.5560920905299111e-02,
       -5.8340621421531123e-03, -6.9997623284845989e-02, 1. ]
